0.0 0.0 0.0 0.0
0.34301089242757454 0.33339450515599095 0.3429703813035654 1.009398653887819
0.6856105650199305 0.685408309644586 0.6746101535103607 2.0069503605840624
1.0088217109601212 1.0151945088197871 1.0034790126409798 3.0231160764023755
1.3597290416810701 1.3396032089561272 1.3484614151461756 4.00559050731615
1.7014140656467913 1.7069280552403525 1.6669179254662894 5.026156757789416
2.044639069174239 2.0085213621929556 2.028903698094536 6.03267328853362
2.3737303516295327 2.347677281536433 2.37696880007755 7.012929496319456
2.667521419545245 2.6795501325364026 2.6809110543976407 8.043231765182703
3.087645060892683 3.0220883898223168 3.03550688156648 9.019584191241691
3.3765340213226875 3.356648912808467 3.422324208498871 10.003832689331928
3.7318283834915897 3.738735763010902 3.6798489613201273 11.071772437758554
4.118118736080316 4.024808500883261 4.044957940035276 12.055601974508336
4.37670266078604 4.390950951874578 4.398870957004927 13.129867505919831
4.7549233476158665 4.7940084316491305 4.737739054916459 14.068803168778626
5.06431762681193 5.046213937281272 5.107598360243334 15.144362188910062
5.366852170687503 5.360957144679574 5.421165736042238 16.088874941134073
5.766595357579893 5.800829078498634 5.785497792480529 17.034788043874965
6.045883701233967 6.140024944713515 6.040504029481507 18.176958573270067
6.486020868476264 6.492233173407035 6.3643230035371126 19.121124511673287
6.668418750130414 6.792904644328972 6.708262262475191 20.176071456981408
7.148479287471333 7.151908045705318 7.106993513130778 21.207291449000223
7.367047504552911 7.489659783865966 7.5146091259330285 22.027207670270645
7.808565485618313 7.777495008376604 7.689609231371581 23.141943554668128
8.00674888950828 8.141945385429112 8.017526244851323 24.017771502545603
8.50331718838109 8.403333737279 8.484329255254226 25.21241020175357
8.75866072018699 8.822311113618078 8.742610953619293 26.227875089864366
9.200947397436734 9.114272836793898 9.101468216360626 27.073249197797175
9.537684033435163 9.581621771597302 9.345570088856444 28.128156051260582
9.916777095547516 9.928224613831933 9.68478832004137 29.221507941570653
10.128310024425478 10.299755029237177 10.018570540683587 30.175896189597882
10.509194185313483 10.538561381338 10.614590502269973 31.076410545703716
10.746183072134606 10.892861333786882 10.774737363391136 32.19434722526744
11.10408951953097 11.00807580284563 11.148832805863098 33.12181432411544
11.491038171617635 11.393595855349737 11.563215205871959 34.24329464489706
11.92684603463451 11.991852580316303 11.87312940198132 35.225404300584245
12.039776347230294 12.278857479405213 12.110333803717923 36.317015521124155
12.56658186642378 12.67702400726342 12.40610841167032 37.279219110746595
12.726566299913568 12.68269456656832 12.810543359303697 38.29891151339709
13.277973345428776 13.043006708488607 13.29723189719832 39.01172684599277
13.45998592492241 13.600162674611852 13.503910552297105 40.16022286452524
13.971608901188201 13.816442019158359 13.979806175286113 41.13229436832867
14.21534190582061 14.201043866326769 14.055090901512475 42.01335452033382
14.524449676104329 14.630687454356371 14.64253587803246 43.33451861712349
14.793430981728607 15.010462749463615 15.091818404966839 44.43847031866525
15.107597896347361 15.200331567780198 15.058599867605231 45.105513339377275
15.635131255267998 15.596558945886043 15.589077983645275 46.11513627757365
16.09919882716429 16.006829734629818 16.031852420535962 47.113869787096554
16.08433693816005 16.213501122861405 16.398251787207617 48.28891902530883
16.645927312400136 16.481983234265257 16.365377873686477 49.459634945603966
16.79987502033037 16.781252345850543 16.818654885447835 50.18597025674327
17.437134791766393 17.411608946417324 17.19825193063399 51.135275695125785
17.350167217101813 17.68162167034401 17.37200124900835 52.316753362345516
17.76135771715406 17.68237226870726 18.041988195475156 53.14722248559506
18.06252575909911 18.37326200355016 18.188465790911074 54.123193171220116
18.42551333113309 18.660380456476243 18.778772739274455 55.283211027466706
18.862096243790738 18.696399006649965 19.00613318102055 56.38165481881009
19.3327336908074 19.210758924600857 19.539215457655967 57.391265432469645
19.463586178055802 19.591201005485345 19.743749189000965 58.017282676255824
20.055413904805114 19.853058000353464 20.147971109123002 59.091791394729604
20.2720425415102 20.191824900132026 20.329815517271932 60.31335554790077
20.525675493264963 20.757962191506326 20.391208550479536 61.5848729135597
20.74706677178704 20.681297809901732 20.719193577720365 62.03243888642529
21.296070767687706 21.516399905195684 21.610531265784623 63.22049098281905
21.50798065552793 21.34051959094549 21.84150827315733 64.06424023666267
22.198979228746776 22.152775541394337 21.91357767304575 65.07000783607205
22.505581627700984 22.137795868175434 22.623767379527322 66.01819876779122
22.833771861958507 22.75967167852366 22.96215420362417 67.06288521329638
23.319250596079687 23.223436801620487 22.81273742231392 68.5669650299477
23.176444241109863 23.441993631955 23.4943796750846 69.55323018832304
23.656301229599674 23.4170812020554 23.690741662315933 70.52005184735243
23.707044401318935 24.064153844414804 23.927944091657704 71.62638699073773
24.633583588953087 24.04353111657188 24.051671177463398 72.1650623452055
24.49584646615068 24.804518484429543 24.547210190559742 73.64641841538754
25.06948091395491 25.186006751897082 24.80212455312254 74.2570262423295
25.029845782065518 25.186963723764375 25.59751097787989 75.53094532506469
25.687562914477645 25.943856491142924 25.395717178232147 76.3645002334623
26.406776689481067 25.85001405495996 26.015621574533327 77.37043759231936
26.051283740620157 26.084882251715243 26.69672586395949 78.67421361785479
26.964478673610614 26.60966001265168 26.436008553573547 79.70467523022235
27.012238532280108 26.770564698462483 27.202359417977856 80.41416510635304
27.449062058798866 27.742577921756816 27.308085187132107 81.1397230483623
27.442616514974805 27.725598487019454 28.05107111168433 82.33820185955376
28.105948869582747 28.192098736570042 27.800325709196013 83.20438737023406
28.71561432565916 28.041272435968917 28.74745372913423 84.02323660973323
28.853490054403093 28.57989875092974 28.402716959908588 85.65574835902432
28.975697901153033 29.185354383401982 28.982383076691402 86.54338417925727
29.76948486046742 29.57200937777365 29.55965065814056 87.058986458465
29.863726494257723 29.81926580987747 29.80020047611609 88.80342311683707
30.50655333457498 30.49836838025481 29.820984719593817 89.14734631219726
30.830077009600036 30.896456052148757 30.662850322838384 90.73711353450685
30.86293780205097 30.740760153149253 30.70962641659209 91.4237070174692
31.282032248367543 30.95401099991054 31.48401323774555 92.66402718000357
31.670934387430545 31.484617275961522 31.899616422092468 93.6958516672938
32.02982154642749 32.13265625246606 31.83440075991595 94.25167084435627
32.375780428462164 32.32578082397422 31.729316213119436 95.49315532554445
32.77882704505791 32.50843969918601 32.6925022206287 96.50780890908612
32.943448652629336 33.02394197069668 32.67992766979301 97.90303439837193
32.92359413937497 33.052503207050755 33.61319959388496 98.31101615541907
33.48642408281591 33.96011204059908 33.670197868351096 99.7611262448393
33.4324096005256 33.75347852497372 34.20979124683631 100.77561680451386
34.17216481581205 33.99609355246026 33.67378741231976 101.23979234661284
34.3693355475715 34.140167371263715 34.313090010237914 102.62029096797374
34.5795721344101 34.81954988251478 34.41640561704902 103.5551636811408
35.503713089327064 35.55029040274507 34.76438689578947 104.58775416153566
35.99442135787451 35.28889547888466 35.35544068570331 105.50357168821222
36.245273624117935 35.884215080415366 36.09719550744986 106.04604114459518
35.96532897753354 36.49785445766583 35.875438300423326 107.63383344379879
36.17612149070862 36.66069743632253 36.52581869079127 108.99005018618537
36.847457427757 37.17015989870915 37.228406886125484 109.56248440024498
36.8289765640426 37.15479753475595 36.68690258320516 111.05512841591907
37.07178291987716 37.13049104712622 37.998552590098335 111.68467736409796
37.88418959879188 38.28625355623262 37.55326905375254 112.53260453673714
38.31337768739877 37.98837110529612 37.736672647643246 113.10409110955284
38.486169563547016 38.23972437212082 38.95744256132135 114.0002998663707
39.19278223696669 39.11737284898879 39.440059994100075 115.05081716724624
38.872985744449174 38.81643580461023 39.50541163602692 116.20917367182656
39.390168973870395 39.96260460979598 39.22939774613781 117.30681825061652
39.4110333068649 39.739889931983676 40.22929137679537 118.2403837592776
40.202622521348054 40.17507387016995 40.284746504013974 119.83417701097767
40.029775797482095 40.766423030363214 40.52067711129956 120.46516840565205
40.340488269232104 41.432151059026054 40.428353034371234 122.08197828358391
41.359702935178724 41.664521498418935 41.66460573496051 122.96308060706238
41.959364659866175 42.12898085368365 41.742633425215615 123.97329365860354
41.909767087453965 41.40493084936891 42.257164708830686 125.18223071168552
41.75994027955371 42.76631335796723 42.6373090446757 125.94436170261437
42.81868684881586 42.20671801643463 43.23791501918472 126.1983182357496
42.428501792030815 43.19585282882916 42.620298478056135 127.90368241973196
42.83763133213803 43.372571254789364 43.281418697572335 128.98735915384918
43.406563480642795 44.21484587429984 44.112593975373166 129.87936940376738
44.54992336684924 44.619748123632235 43.370286829636925 130.77013949377908
44.83869424693801 44.417257158286745 44.32797537484092 131.25872826711708
44.406525027753844 44.55120614831716 45.19528831701655 132.35455118507102
44.78324346433513 44.97950450420108 44.344039928418454 133.4346546696501
45.69419440339794 45.174576145732914 45.13618589620697 134.23509148847
45.33129092186038 45.93435093152826 45.471651320048146 135.4090706555036
46.29632611756029 46.52476319055168 46.61008975911373 136.48693142574294
45.83477237941524 45.91717634495008 46.18553607219332 138.36424279139072
46.85461502547593 46.959084925046724 46.2722443375126 138.5550849813525
46.395356278788675 46.71447597474141 46.599380573507716 139.9884503956277
46.89280575597003 47.371982604740154 46.717289609070725 140.48733442306263
47.05127282716418 47.485057801544926 47.46440731888898 141.08309773595266
48.24191703810735 47.719464085720574 48.51716221544334 142.012692923463
48.12992119837143 47.860037037013335 48.05103312195388 144.25398812207192
48.90945387329328 49.17156425476327 48.36492740284576 144.4453108857658
49.559705666915676 48.408349452664744 49.63883786959921 145.65010424771242
49.82324618515718 49.40423267368507 48.85195741605114 146.73685636157478
49.98517698719163 49.180131136124864 50.41069725447218 147.73886231250913
49.49367734456639 50.04018306475937 50.788997252743684 148.58852591907154
49.985179580061136 50.50093725792509 50.58255734469497 150.0974342797167
50.176191013545825 51.25136488629874 50.089783370825835 151.3669670987912
50.9443306829065 50.465397096497824 51.340954574504984 152.27535617530413
51.97908946459313 51.723841906359915 51.98900642542673 152.96651802427414
51.283782149037165 51.70952782960387 51.11600934732111 153.45426629821566
52.26976244957645 51.518987342341426 52.36453327931834 154.32329556458654
51.667841070014674 53.026554270263546 52.83824641604472 155.5462417496929
52.885609256684525 52.32303082380488 52.616929874242174 157.01478791351624
52.58865019319246 52.55170745509403 53.69322048082441 157.07282656703697
52.974042974575106 54.120117055582725 54.107449712824135 159.57173248736453
53.38175357134051 54.34709879539584 53.05855023154784 159.2224704411837
54.569090027116474 54.052160868776014 54.36877974445815 161.38718542018762
55.060999060102525 55.19839301719833 54.06358884719801 161.43472090130683
54.56022375805262 54.24190881291658 55.54095855811335 163.35081331784784
55.32185304503967 54.97062640959285 54.83258481861569 164.28513815147699
55.0821950806513 55.25374191172346 55.908008216135876 165.08456363595045
56.29782868843679 56.21114373319892 55.25781065084838 165.0455254925289
56.63274886417204 56.40988007243807 55.95894543496761 167.3889942979679
56.365353307569045 57.32325032584296 56.38976317917495 168.6396941805463
57.208239810659066 56.52777237548633 56.869962541700616 169.6276689130592
57.38802610041529 56.39480259861642 56.35716388350955 170.08560611111108
58.03528519401232 56.89758337170229 58.10269426683226 171.58014846285118
57.341841985655996 57.50158346641469 57.85011165915684 171.81036273832925
57.98971924922386 58.596810799788706 58.49661123839002 173.462235344416
58.038582417270206 58.775936086893545 59.08536764740705 174.3351339186534
59.27223659723713 58.102193660590586 59.12170561650547 174.5852508854193
59.715199425769384 59.536752738214645 59.17337396913958 176.55274513308737
60.233238701115056 60.08719672762838 59.370759885542675 176.9042525698372
59.792643331106035 60.50754098495746 59.10223579149251 177.99126656889703
61.027521482039035 60.8264801440104 60.56861463902626 179.36822144464293
60.89821052057674 61.32491551901465 59.67451927367349 180.51257238613258
60.232567684861564 61.56689040729161 60.758975641281395 180.53337599304172
61.54111192616975 60.42048694718826 61.95834387427388 181.6754640782155
60.842332252361885 60.687631168527325 61.49742671399593 183.49389401062825
61.26158819698328 61.45474585316459 62.144872638765904 184.7085761160149
62.031534589636024 63.06040013138655 61.992438592979816 184.18244729224097
61.78952257579879 61.692163898236515 62.03992799305789 186.1389073456977
63.51359528913227 63.413400891173815 62.53428965373475 186.1360812478713
63.21912722436919 63.322359788088455 62.658087041934444 188.86744703313033
63.30848180686701 64.30126534108646 63.994939591912804 189.47109496449212
64.07190426804021 64.00280241407278 64.56323428868572 189.24398853101223
64.59485055790512 63.98604626810897 64.67002130142069 190.76370275952243
63.92070704187453 65.47414841784864 64.90017506577405 191.51884953008357
65.0039994814035 65.30256494222816 64.02724238428368 192.0313831109442
65.66335285168117 65.76993665159421 65.74753800428184 194.29984206879098
65.88126926222738 66.45452376119763 64.82361131637035 195.93294648239709
65.01486281945964 66.3079873386442 65.29281976584633 196.61846109364424
66.29365670356853 66.3059190919905 66.75702969677711 196.1734771809185
67.45303015230995 67.24147757574478 66.42605046959895 198.94988486581292
67.42052852200887 66.53541362039225 66.5459158622615 199.1534312370709
67.24264253382749 66.47329145118272 67.12918285216509 200.76700558793874
67.62744930795402 68.00945361014031 67.08365106796931 200.33929553939257
68.9993093547802 67.48786630540965 68.94393336646505 202.89933446106687
67.79126170541642 69.14304107024803 68.69276363604102 202.716339662111
68.86447021673268 69.57038353137162 68.19142921449189 203.85324854060684
69.79768254120197 69.05519514363175 68.90689208910877 205.09211604789778
70.09878499970752 69.76377538351556 70.14263829763257 205.53067411920955
68.79080317483134 68.74926330958297 68.99669279165715 206.23249001613837
69.58173234539524 69.4896457687641 70.72918671749656 208.27892409593971
69.47700752143702 69.75636672253647 71.22898329203784 208.5101052752785
70.44086640192428 70.30982736106027 69.80979111690637 209.6550335211206
71.47394624108722 70.17339028468665 71.10653647246133 210.2283157555036
71.22480826463769 72.16092241421278 71.66815958923463 212.4235614998497
70.90833037982888 71.28505156369766 70.9390672128961 213.65174045636707
72.38967350117639 71.9547992716378 72.28383929393499 214.15745325421352
71.94443303169214 73.12270898342865 73.02407634638024 214.20772143892282
73.63926091025849 73.70364302211928 72.18811426596474 215.87718030981057
73.82831244904963 72.90069444239192 72.82934328796625 216.28109186687897
73.20495367850856 72.78878138035452 72.58268115508147 218.9740029354982
73.2808949715864 73.18407920828642 74.7269830605251 218.20778412911682
74.99190922483288 73.27813438835088 73.20945690412172 219.45882307468196
75.0661810167417 74.67990935683234 73.63210818225912 221.88093507573922
75.13373813481662 73.99775965586747 74.76549592434218 223.10872082911592
74.65896303096298 76.067069751609 75.42726162710659 222.77626850037035
76.00849861994416 75.22859047832878 76.02762067636786 224.84889412725673
75.65956830959897 76.40806176927163 75.98691114222972 225.30166127958543
76.37445690950163 76.8300901134054 75.93699321276009 227.10834385286694
76.43126560721726 75.89910453360753 75.99442122326921 226.01892455204634
76.14469003575994 77.84816837021376 76.3244819194866 228.11327345393883
77.04909838353275 77.8130948614102 78.16704294000795 229.07395489396117
78.1752312918687 77.53533403911233 76.62330055396593 230.27279703097182
76.84703376477727 76.87308574139213 76.87258790278918 230.00453743694973
77.96208515298946 78.27667985191064 77.29602394215676 232.93717356987997
77.67344018038013 79.1620678577945 79.3145767726804 232.33320687953
78.70806171585433 79.8759227646673 77.85870787450001 234.73941118312953
79.21303213290884 78.40796466233188 79.10077853757439 235.4756966147829
78.4310072345089 80.36134679591066 78.46546688758482 235.5167099774801
80.68654581687012 78.72087563437279 79.77318048032488 237.30363287411163
79.29063121931249 81.17212096705525 81.02248791497243 237.15883693600483
81.03753383430777 79.86272750039761 80.50555563042641 238.85325454649927
80.20175618404224 80.67108937580561 81.33108320677283 240.89615141624145
81.75879243008252 82.29761850512725 81.86791803267771 240.77006435257067
81.59744139764321 80.41075663747534 82.35501086382344 241.39062448676566
82.8790593538987 81.88426570408912 82.2152809638452 242.76244301360094
82.76605591233371 82.25481529215338 81.15791612903841 245.36882111100755
82.12374675299942 83.61009004198385 82.64126023106927 244.0853820534446
83.31200168833328 82.97818760531803 82.3623719074128 246.9864378428709
83.64159641113858 82.70959923692939 83.36518707396318 246.00861592843975
84.40041407416015 83.93418008421241 84.00262138293873 248.75961600739828
84.03227109903156 82.6978530267203 83.65452200211061 250.46156035210507
83.28178858479129 85.34797180111555 83.23875151090056 249.13887173570134
84.41802124413569 85.08292158599089 83.82248549995312 251.79058695947623
84.92311176280994 86.1212853419002 85.41065004744306 251.23711376723548
85.37568900942 85.15937088820247 85.84394591207418 254.29229087281738
85.9076955331962 86.75371143467223 86.7657254067536 255.31384042501494
85.38343917741881 85.80793561386244 87.00073048268727 254.39953179242224
85.50654226082537 85.80178566622502 86.64499112755973 257.01323568951483
87.51973012633226 86.27466449836457 86.86065054624231 256.21515494574845
87.91969051441397 86.02753915994082 86.34774482297925 257.44450717773395
86.54016299249825 88.51594794385576 88.55265635161065 259.99142260527003
86.48661788009089 86.62387118286046 86.7556935125668 261.11843472443314
87.95097248952489 89.07396245214305 87.72366234206531 261.341312496165
88.64040162094481 89.26471502196085 87.80300449118442 262.9847230513856
88.83604860920124 88.57019239947094 87.37070853126444 262.74096401516726
89.53096329388143 90.27359599904986 88.4693848187968 263.4103770190167
89.0175010492995 90.21281365991008 90.01524940417376 265.28067767461135
90.6183479824742 88.43480283037512 89.1989174338288 265.5499432009497
89.03790649440282 89.5068492422915 90.80448515740673 268.48499982423857
89.96761431497711 89.73702018247663 91.41800724421361 268.794085750438
91.04550119563154 90.35413145228891 91.92777672157172 268.2305479409083
90.85253598059046 89.83989519338115 91.8614159666445 270.84359066727797
90.64170720970756 91.03323084138549 90.4243100942615 272.54335766730844
92.09594077711995 90.47963458849367 91.64598799007815 273.4215165304627
91.23350647528406 92.31763699294791 92.59130087219302 272.5956575586648
93.02013836194533 92.71035552925531 92.76729668639416 273.3468353553242
92.8013003673481 93.4236005604048 91.54015443910484 275.7851025855697
93.55151212418798 92.3635371984076 92.23506358077158 275.2985322126463
93.12601844384314 92.53717194014138 93.15112320360939 277.4876225362011
94.46897636014563 94.2685456892369 93.69882886742313 279.5797569763039
95.23736525088306 93.69309588169644 95.16512600276182 280.50816614814175
95.41662491838771 93.67282961959194 94.09597690471456 279.8272466511113
95.54821779528143 94.56634814842188 95.62452055139711 282.41174667477026
94.48652196075169 94.63100856733898 93.79984451773996 283.10186178186206
94.04831268437498 96.65022227049658 96.45274550714542 282.28032105539614
96.93821056368475 95.57770247062385 94.55626546911218 284.11170579237853
97.2034861310005 97.21300352397965 95.04587144981008 285.4891569312083
96.15714073304186 97.20957353276731 96.5725296022724 287.40992024177956
97.50485561537978 98.00838806150966 97.1172281959679 287.4094701100744
97.63484199905236 96.99767871438496 96.0333596296231 288.104874906855
96.97545582533873 96.44293319236401 97.36939767053026 288.60223752522876
96.76929240494098 96.90185469575073 96.67413417739381 290.621095901291
98.56996840610368 99.07694875951597 96.9659894179614 290.47121720095913
97.37455859548805 97.80448325730686 98.14220977524829 293.15490068701064
99.6963079050114 98.11336365974321 99.99873874552442 294.09133086438294
99.34440936113734 100.30160910679382 98.70282102870762 293.9693330775257
98.32595286966779 98.8922288374952 99.17359324620082 294.621690402252
98.63522740266582 100.88500778620889 99.59666094745934 296.96861715668285
99.78303592279813 99.63663999728139 100.7725790767237 296.5906742513882
101.34917070927855 99.40942551855346 101.34187117413575 299.39297300827457
100.4503299818937 101.74899112890016 99.38636234477492 299.98358464923905
100.68915980214797 102.46483957307504 100.4337938316913 301.1102637336425
102.10339550571776 102.03459363084495 100.75554603659326 301.07154145416445
101.99289100261248 101.15421033559915 102.14146490787768 302.6415661905295
102.52227599547388 100.87282050579954 100.88686894450453 303.7533941404859
101.60370247924185 101.39282315633446 103.06045085502973 303.46338464526735
103.113256597179 102.16406063329534 101.70359728722964 304.24055743928625
104.00174302066067 103.74594204972479 102.10725768993312 307.42985076116037
103.80132190899357 104.8138933694392 104.7675240383542 308.6178018079342
104.21952095607737 103.11712318344782 104.321165892805 309.51387816954366
103.90707949253385 104.77401815641642 105.39311755608756 308.16115497844794
104.67153219082657 105.91016007394526 105.40496858788147 311.63686514399717
104.70003461801952 103.64259886978296 105.26248514669638 310.78719535097946
106.23829517123791 103.80325780809882 104.19671694109046 312.9121645133645
106.74323155937165 104.7748083775967 104.0829417793075 314.56614281147876
104.95074234622805 106.77465941083028 105.8802011509452 314.55816326789983
104.99239896596244 105.9074825163146 104.90710041604315 314.41427899295127
106.02154483934775 107.90457074321053 105.91251953362054 316.4924411941827
107.68586359144547 108.05991888756344 107.13852457477637 318.56935236902393
108.11557096428083 106.59885763604314 108.35271487572723 317.0791019377272
108.59961915693292 108.21598039620926 108.39410812914342 319.18574854783145
108.02230454593179 107.30561119023271 108.22608076572214 319.3269943751878
109.04506610649113 109.6207876992154 109.48747456462159 322.56433368912167
108.65867349683288 110.02630493342514 109.20436607613054 322.1171687846791
108.17505834566903 108.77841210839536 107.63581016432519 322.09499956657993
110.01136615642513 110.59889033764485 110.20273164253163 323.2135353432707
109.65702214728014 110.93510172219287 108.41567218545207 325.1380682698913
111.17333402099831 110.95080400894571 108.9399364928326 327.23131918672465
111.27003493529988 111.89570259507772 111.10143869774943 326.56383673949955
111.35980853041107 110.89548282210635 111.62885740800739 329.303530292352
112.00587687768967 109.64905843950943 112.41318936835955 330.3076671286414
111.15478266757863 111.67661043493523 111.90006989814948 330.1062915435865
111.1021951740761 110.97129990308166 110.77893421855855 331.4811539499894
112.81953184712535 110.8399422497654 113.62184397657725 332.2594932413446
112.8290423474961 113.85405760253776 113.05923067172748 334.0680243702283
112.6103774311327 111.12318073576114 113.61553313265804 333.06986891611956
112.28817948600052 113.3277588688341 113.21035415177859 336.8065526476925
112.05351639844906 114.39999961148735 114.42595932358913 336.8792089782558
114.4076554586591 114.21829377322676 112.53531408137161 338.35839361825526
113.24036960652361 114.95493794173488 113.52202264972031 338.10105697468964
113.24230235745748 114.10845918508424 113.4301301291554 338.4668684185867
113.20752440325161 114.70151287725133 115.24338895522878 339.774856931093
115.82390937660072 114.07371710204757 114.67590999234861 342.1158561939479
114.06097148626934 116.67652260652162 116.00473340377832 343.44714491351357
115.02296428229326 115.78492617454793 114.61539391744346 344.1135740089195
115.69496347770907 117.07913698077405 114.65964359211233 343.43500314288394
115.14697549477852 117.47883154214641 115.94575778799013 347.00365096942824
115.89144483828615 117.97399895732217 117.0119102257507 347.18762087475875
115.64851377755164 115.85022358628945 116.03758919645222 347.46902706137587
116.8766299189391 118.7431829336474 116.72255864065934 348.16742990679387
118.26923585690604 118.63779922692201 119.01307825154885 349.4823331339433
117.28692928621606 116.56248390711377 118.68659967653787 349.60290823508234
118.40427970770557 117.75888700317888 117.38458904527015 350.56953260196184
117.53705157815584 120.40313391674135 120.46410306521155 353.40077117921095
117.95454411250401 119.25631984076529 119.74790083500793 355.0517314838657
119.34872943468577 120.59066824371983 119.62582140035609 355.9958924002979
118.12249102538667 119.25386611557425 121.36253773087284 354.6931874309236
121.48914871612455 121.03828907552763 119.51421791732743 356.7129236276383
120.78023444939129 120.93475344851402 120.63472419925375 357.73167318805923
121.90377863144873 122.16269888654101 119.80637733428394 360.3542075228895
122.71680397571917 120.98094535138527 121.88663510990104 358.54047683497134
119.83893119793254 121.34600122198633 121.63590138866932 359.3742003840103
123.25459645541682 121.13895586667998 120.54872915983627 362.96944354849705
122.98499938520489 122.35789046818277 121.52651860085146 364.29125041117646
124.11315455950113 122.65111139691503 121.97008245328529 362.47559047103886
122.24195094333378 123.86797944020749 122.58076113669463 366.213197772734
122.19153514383018 122.16929541929926 124.48476266590144 364.64195098445595
123.71427796403363 122.45873548630992 124.202687180013 366.56389197199945
122.51865587109961 122.21133573965089 123.28040943769697 366.4964283517461
123.25322894842502 124.01512402680187 124.22425131596123 370.1633434546839
123.46413465427909 122.86831894135554 125.14831170214089 370.020565740075
126.08977317162783 124.787681216653 125.4605526607438 370.6248539249686
125.01025813103948 123.82424207363694 123.95239899336538 370.6812635396082
126.65237480711238 126.54136289999113 124.43981284249524 374.11809362341535
124.77884500688252 127.0475370313414 126.75768490687832 374.1665993476011
124.9792763536001 127.14314297313823 127.15956195642632 376.1977192114704
125.72489104464903 127.27712638805852 127.20683147421838 376.44003203222957
125.41561798390224 127.55695808821689 127.11113735775874 376.112749753717
128.75200966081294 126.69379676161482 125.96662258546942 379.4653963227655
125.94134358069977 127.31522135263619 125.98022096923839 378.1425464616126
128.65280678864562 129.5207988843834 129.46426439344776 379.1782176030487
126.7564694571445 129.5417518007938 126.46177144272859 381.3108619431704
129.73045312608986 128.33570977864218 128.2965516640132 382.0870047133422
127.9659166070243 128.93159344533072 127.40332675602617 382.72005544622584
130.33584211470225 129.7387163908641 130.32306761659646 384.2013002416654
127.99673239700708 128.68881942171785 130.78128183398118 383.4831892756073
128.03784775092524 131.75060617377835 131.74770605512754 386.2013950807116
131.99615285671288 131.3840455173714 129.02036953462806 386.71235349399365
130.8323192454661 132.4068742236468 129.39093343159968 387.7677380960358
130.49958093897996 132.46899918351755 129.81719812732513 389.1571841477435
132.96857785507527 133.07248163944305 131.37833034036885 391.7761967587348
132.45318250511917 131.8261169997363 131.17432252851083 392.47817093227434
130.23030281825498 130.6249259373893 130.4190787035821 392.83845012707627
133.92642520771744 133.41676778361605 132.63195467991545 391.8149710741577
132.09082014735964 132.601406953815 132.72118565139266 395.14491965726654
131.7655116564024 134.2623240119301 131.78003887156152 396.7805745461232
135.23093346921772 133.29899979304022 131.6083589504803 397.09076949061364
135.01928228516684 132.69792877409873 132.99404760958367 397.12778739871317
133.3405592051755 133.77486862735844 133.06657628982074 397.37363113529767
133.9247899901994 132.47943078131433 133.92347418467443 397.1051281306362
134.74355524732084 133.89668113342287 134.91651260795618 400.904835515258
133.2503705768418 135.30958455793683 134.65262718685602 401.2148551310432
135.1882567366095 134.64150967085712 134.28111697999802 402.97405556613325
137.57966205559825 135.1102386622092 137.08895360311502 402.7164681623991
136.75435631249985 135.13462803604722 137.55575502939678 402.6103936283327
137.78064738492725 136.98285939566125 138.08474442486562 405.16465322730306
134.79989364437353 137.57773879911323 134.91145731036664 406.2310664718598
138.7894213660454 136.6203611495381 137.1637017946252 408.2312640046115
138.89024164543437 138.21929161442947 138.90993941121775 406.4619717245834
137.12900879669942 136.82884307968513 136.8044694011474 409.41655786025996
138.19410320268514 139.78767719986044 138.84218466490617 411.21253949502665
137.9991841029299 138.75845245849882 137.90885552762532 410.9155310792162
140.6996566773074 137.14120662520023 137.3205051897299 413.49040175640533
137.8738683894863 138.508223047584 138.33310180974138 413.27082051454755
137.47711405219988 138.24691129172015 138.41712224209022 415.729534619117
141.1883043116685 141.38036077972788 139.57617589002544 414.9242659670128
140.59207946432227 141.1833231550416 138.7904311465762 416.7986549565654
142.3388364546451 141.1650743584776 138.89969091966606 417.82485185225244
142.31722239759745 139.71052036471644 138.8932422421055 417.0347770149752
140.17374595142957 140.09767253674693 142.6896809805768 419.44137135708127
139.3379025561734 141.88384777224204 142.89541314106285 420.449960448482
142.6942166841989 142.47527644957196 142.94108467420574 422.0937812900105
141.30051184113177 140.40584813395424 140.97641284574556 421.88740500165613
144.3401336027471 141.77111829620193 140.69141623243354 421.1978416509605
144.25042004790845 140.91406255954698 144.43148453132088 422.35617456248724
143.23603900929575 144.0800248454585 143.78072616833458 426.653258855019
143.1295388801441 143.31048656353326 144.26819658557582 425.21195371506343
141.91819798839606 141.66930758513288 145.3205815554522 425.9961748037234
142.13164190523784 142.9315905457136 145.50829818010388 428.99437098447027
146.54434848620076 144.6049067746293 146.1054165918604 430.3724710628413
146.8667043376734 144.95594047810755 145.25292042793814 430.13954300204625
146.92333724646875 143.36326256542975 146.09523471129782 429.068982514672
144.26365144164845 147.54957751021482 146.51728850442325 433.15961972796526
146.32246777323516 147.44500953591125 144.69926291718656 434.8553366898685
146.58402782909877 148.01744281464332 144.5742354310368 432.29923971463444
144.80601074089543 148.4572184148647 144.55578851435192 433.6397650106609
145.48722710098923 146.90225699496864 147.10393362354077 436.921923249168
146.97895291779378 147.3265306591326 145.68403000086738 437.5278526937928
148.7810451000258 146.9103879815504 148.95038481470954 437.9075610481116
146.40568601664987 146.90616001825578 148.07952177257488 438.1238207697304
147.14944492247855 148.90736945389372 146.8733342331677 441.75527975558293
148.04396048024802 149.12535755205568 147.4751144822942 441.15955980186794
148.3725469739037 148.4138525304344 147.55739928464232 440.8840889474013
147.87005609898583 149.89056259955152 149.21532134212296 445.0172583029037
148.7019831553205 150.52590228863477 148.0183296916291 445.646841749133
150.9117449568878 147.95308715146652 151.90236073087718 443.23709371089694
151.5678778515415 151.90167264612356 152.26943839477593 447.3411647115765
148.35124707056164 150.05880636196713 149.71787628036978 446.1720807700902
152.71184484436586 149.1996208909337 148.8393698746493 449.8941377897295
151.3810058137849 150.69095216434155 151.59493607455832 450.817794229675
152.36351311374548 151.52154554544418 151.30549666728007 449.7156310165682
150.68073333918346 150.3777326917108 153.59053962637068 452.535310676396
150.40621982509586 152.2068585677099 152.3253597293982 451.4583277573939
150.90480166947833 153.69212469354662 152.98948572344224 452.591337768408
152.33063462154016 154.98262559276054 153.7916930523807 453.53059183175696
155.22468108375207 155.02181162019974 152.03607998700198 455.6601234706466
152.35320282555307 154.25703539303157 152.1646986041083 454.0014588234732
153.6117515169767 153.48286446371296 153.04078453391145 456.91736497848115
155.77942170479815 153.85208214943938 155.46836304584642 457.53515750297544
153.3514372236408 154.1313884020528 152.39453895610802 460.62696003274596
154.9000874985096 156.90437237054107 156.59572984564244 459.855692710044
155.0702416594892 153.55298141833362 156.21410517243103 459.99706961720364
154.8217776056211 155.0210885156698 156.25117110883812 460.1701452517028
155.08288307765469 155.11047899391164 154.69741479862176 463.4925850334684
156.15095511550558 156.1812724904027 157.7458209469241 462.5124707482881
157.02735606125074 155.38608073923137 157.89852195289055 467.116718865554
157.09421025562514 158.8407112300857 156.3554638600863 468.50770205959293
157.7013716325538 158.71458221433846 158.5873903894743 465.115061419147
157.02527630480756 159.3718356067375 157.24829324941 469.97958739212265
156.02424982855027 158.44005933330996 159.87036756944164 469.8710739032938
158.14258439052674 157.82816777312794 160.05308037797013 470.01282019824913
157.19396714338424 158.57897769362663 157.95282432068154 469.68260893498297
158.1992443291835 159.86597575130256 159.96641952211982 473.93414003778076
158.439684412076 157.86832327406196 160.9060632083555 473.2146791270967
161.2704662445054 159.60392151401547 161.57084112613944 475.79471359111096
160.25570557403032 158.5679789600344 157.99622396095364 474.084315809783
159.79155986596166 159.9746112578061 159.91370742521798 477.4993236419771
159.44344367601457 161.22219255025365 161.39353931733328 477.99898787564797
159.69277727580084 161.7200832448558 162.03993210251483 480.2160239340094
161.07359493833863 163.6856092014403 161.22591918347717 478.59067211145026
161.57538434373055 160.9663943370198 163.3396893802646 482.43304025283925
162.72134743601188 160.59496566221105 161.2414668491164 480.95329574938745
162.71647757831963 164.28058718391847 164.16540373689625 483.0078242254097
164.96307383520374 164.5881693798846 161.38015554681118 484.0518934808876
161.33818214892185 164.12645133777076 162.0304355405507 483.8762900695886
163.72358532822884 161.39810866113112 162.75551743070022 485.93744751830997
164.50999615907676 162.13361071292215 165.04500368451687 488.11839081740993
162.22864774088046 166.27916750131675 162.76282564395132 486.92200467229577
163.43116922601948 166.49759908734336 163.2130106146035 490.149315063957
164.87808486188788 166.43004114338103 166.60087030744822 490.59428843012245
166.74312791727988 166.6567067126444 164.12656138018792 490.0837100953489
164.22042085495852 163.33707675225193 165.35005769656615 489.1066502600143
166.2500879212102 168.14451007195436 164.25309141598294 493.1034619703553
168.19063654138643 164.13798457722257 167.81018663205748 493.599827652478
167.25911540193155 167.8351172216873 165.05314428417248 493.947690113887
164.71824262785293 164.5263929374819 165.4168788766865 496.38260323181703
169.40902585846047 169.38129146369914 165.23496549310616 497.2967347804323
166.17349236325265 168.38334489888882 169.1762680281223 496.49908306284004
169.8206348577197 169.5737358843815 168.5452027993042 498.76004622042564
168.91518842012542 167.78245806210427 170.12317438356277 497.2569379502383
169.38899798257862 169.82294972555889 169.3531284060187 499.3610044475802
168.4541570260531 170.44109542987655 170.60861950814694 502.2955756638887
168.65140425639007 169.98319111522054 168.30892481986197 500.0398274037401
171.17209177357142 170.38052013423925 169.2281586757006 503.83383844189956
170.60301070563648 171.88120711365772 167.8846990084499 502.52884598113263
168.00609183151522 171.73363048567344 170.79313436567836 503.06244299567584
169.33513266899513 171.6605143040474 172.84001681244197 504.7525552317017
172.0248476470825 168.3494981490022 170.07257909140765 509.2370086804412
169.73932665264604 171.24514091101278 172.13187175702305 510.14796958378946
172.8530472541663 172.6395578869621 169.19412100488336 509.2031393697429
169.39353067773638 170.34486572728937 170.7521311596939 511.2289405561096
173.05620616252023 172.50091910251072 174.70787021691842 512.0956556401925
170.5246493216527 171.86711241112863 170.0236234142674 514.8312163016927
171.5387461457156 173.62789915773806 170.9678893890798 512.8296930513028
175.62509799990738 174.48878528730629 172.1391582651642 516.0531498741376
171.4537737804012 172.73349842612942 175.41147702916422 516.9920122831384
171.5089444816341 172.8544560043703 175.34589510028067 516.4300869304271
175.4236342992214 176.54816642738732 171.7671163321515 518.0464877643855
175.12641009868423 172.3254360941978 172.84060167012927 521.0685885944872
172.3459426373565 174.41383046993735 177.40756764539958 517.2483698503911
174.57362072191373 174.90739534910907 175.32946615727593 521.2197714512617
173.40041705505436 173.1067840650768 175.82520881043274 519.9075379720684
174.43762001466249 176.13231095123908 175.11925649443037 522.2891692109324
175.60746556538496 177.97365863390695 174.73235097566885 524.2215884817307
176.1647833973859 178.68365707564416 177.16474042393511 523.8436489014098
174.63010242074438 174.75032458817174 178.54988270641493 525.9552266498841
176.93389625530725 177.63187017075512 176.1804078631343 524.2640352296793
175.10639517301345 179.95419448719466 179.04322202378185 527.5230541864655
179.75328486546152 177.27024967812815 177.41266210621114 526.3252269505704
178.12026720057295 178.166027179998 177.55517768893202 530.4484741110508
176.9045136193497 181.26957896843004 178.20176907551595 531.1237079728663
179.0241079483156 178.17795280806445 179.94095042305636 533.1720518777571
180.3232867467643 176.90287676010612 179.94098165046827 535.2154881177269
179.31726660461464 177.07006815466698 179.17112486244287 531.6383069050065
179.24131736295016 178.6298135250688 181.14337925795812 536.9756252598645
180.41012899943954 178.59857373318536 179.68413259885884 537.3305220977378
180.79105428886933 180.69345334807136 182.2550887853374 538.3436134287304
180.96410544286115 182.68405058997098 181.44028783239952 538.2487951099209
179.09827746306829 181.4101048262867 181.52667726690055 539.757040984727
180.02347877659918 179.7390985540924 180.10512565191718 542.2271712321412
180.19570219414166 184.4861936643819 179.63263244646296 538.1190502728083
184.17568961207024 180.5601841919202 183.5603943362407 540.3013275183968
183.0838548421943 183.7741878832011 180.2119718659595 544.6932548662243
180.40225924845953 184.92916951285105 181.36668198323184 543.4989032233921
183.64360880480118 182.8027400216555 185.31114614646017 544.1128953750535
183.11317658059542 186.01562141670712 182.46227864741599 548.3001919952951
184.42789423027475 183.62432686736278 186.04352714514474 548.6291397324011
185.04319879502978 186.59162079826382 185.02850394173478 550.1075420451804
183.28821916886002 182.6768006029469 182.91789742183852 547.3065594582605
182.60914381859763 187.29642182457638 185.92235235825206 548.4774317033101
185.60476650490767 186.45338304416958 184.99148052885502 550.8219365578468
183.75287347402443 184.24893169592187 187.92293527081208 553.4398132508512
188.58695466743575 184.5187651437093 186.37117965367077 554.8356841341628
187.5852941329608 188.24161001845067 185.20882255623005 554.2949449708402
185.33447586453798 188.07709548486926 186.17981367929985 555.7032845166691
187.06232587902983 185.47000819713347 185.71901120439503 556.3185537057526
189.27694896593547 186.47076771333644 188.46226692658072 558.1772781216639
187.76441588573635 186.35779860281545 187.85087675573584 556.6217967652062
186.48345311766093 187.987042954159 190.30959445801497 558.8384567056697
186.8967970602873 186.06776337630342 189.4640825239521 561.9831176391422
189.89132745045805 188.3726649056746 190.44724729802934 562.4680438661715
190.56831769559224 186.3648430101495 187.85005273364686 560.2147119379971
189.54675226547585 187.30475568271828 191.26670823927134 562.8307682988417
188.3822930554485 187.40796459864234 191.2322357906752 563.0369492053853
187.41775023258165 192.49939839162283 190.37795643529577 564.8818600754207
189.23345559393957 191.92299895702212 191.17301222029135 567.3697181437517
190.71336939542567 190.27744556354156 192.90329768337486 565.4791273072718
189.30070328001386 193.39981760015365 192.1287251819103 567.1102883757642
193.90093787229554 192.41020978677523 193.14122954887546 567.1943923304068
190.4259728433286 194.27204876187426 194.444936648831 571.2429078884213
193.27640351221785 189.61582397612548 193.4621302685901 572.7366959167362
192.7251896347035 194.65875323158687 190.54963744204787 572.8859800073051
195.1108961873838 192.07017905428708 194.85568822689666 570.1227978426219
193.01786828469977 194.7628678012902 191.56276509209152 573.6282869072727
195.86977719306333 194.93447604261823 196.07311146242643 577.6586316937293
194.34756630414924 193.65188957561207 194.5760067509583 577.0763552309506
194.19856236895643 196.48455104673243 194.87528464085233 574.3484944649249
193.19601611282786 196.84189764314564 195.26749133864257 579.5306800107205
193.8132357621085 194.11525874913195 197.67116282207886 581.4068766083749
198.04938676526996 194.9666348927337 193.3515990383329 582.1791529471857
197.18058749977135 198.4263235120737 193.4288183980666 579.8909631085015
196.9657511561701 197.7989967550979 196.2247406673482 581.841661013475
197.12734428163787 197.97419418071138 198.76468278912873 580.0999637651771
194.2984590724219 196.72290142477846 198.72358566389246 584.7004506341783
198.45497712909628 198.91756164971272 194.54464666881222 586.6605503982639
196.67074294192605 194.859135464789 199.382843246558 585.2064759338862
198.86020134052947 200.0523239507311 197.12381145670773 588.8158097084006
196.0725066076421 197.82940015870014 199.71532226355316 586.7625730023461
198.60930744364958 195.72491012030395 199.86980648954707 587.458242133866
200.7608733352425 197.5184051426299 197.58762518014078 591.7499301635795
200.08758626665653 197.3109952238486 196.93771424420228 589.8954609949866
196.6916936780527 201.24448137351726 199.33045436534258 593.9549478950198
200.04323529627027 200.24977036959865 201.79276674422073 591.4103762039416
198.23983954116963 202.08481076651734 200.543132712708 591.119205042747
202.58826227171565 200.7120472367562 201.63010714172057 594.2957648723216
202.92173475970955 198.21199529626512 198.3375674738617 595.7858774568131
200.10702192097165 198.05361275826476 202.5790295577957 599.1062627974056
200.4141992848586 200.9843137440824 199.81751175452806 599.7015752105484
200.39615087308 202.3833647414225 204.44223929863344 597.9389312046428
200.719306011643 201.22263602457255 204.0545997072833 602.5431935293375
202.57778861867826 202.8188904459988 203.94879937611262 601.8666803293521
204.91557818074958 201.56259604993159 201.6032599872798 604.5949946751925
203.19109766630766 202.31027137467427 203.69255312574552 605.0069555646687
203.65147722890504 204.81124168574004 202.2322369157889 606.0217659771531
203.1952224923091 206.52602654515556 204.80593923587222 603.3112179044281
201.89775667501883 203.55301281827403 206.85106908776285 603.7795199522429
205.44994842580638 203.773226648915 204.62224071928284 609.6488726613948
203.38088444594112 206.89051709175473 202.22550829137677 608.7258332755277
205.59845235103165 205.74694079126147 204.48743160181363 606.6924310987741
203.19035721829502 203.06120261391305 206.07647788896082 610.4875395027298
205.19965443247784 203.39229967869701 204.13591469247646 610.1288065784746
203.33836039484726 205.19164891594778 203.60280152741768 612.1241229983556
205.04581306858086 207.01558602314446 208.74256371027292 612.1247803703435
206.8608476937803 209.05682435766983 204.82855458748207 616.9907780915577
204.33412420161 209.1988857894827 209.66661265029302 617.1627894653327
207.70474213188538 207.47228156791292 206.16151596361607 614.1257319772427
209.01921491594413 207.19596228705416 204.79105614177698 614.9763208894551
207.94658357870802 208.36288925273152 210.50982542914454 617.4120446795441
211.1765427396501 211.03513522695442 210.59435365117918 616.1123151542403
209.8735751766253 209.85232218813258 206.77957241116545 619.3047343946195
206.8148414548417 206.40807798668067 206.00935205369368 620.9311129521698
211.09860339799715 209.8531570515791 206.5966712015711 621.1296928242247
211.28887515026767 209.58156385817028 208.52746654881145 620.4225982124136
208.33643233610428 207.01804538793672 210.43199983108275 622.0914866952673
213.28188954548088 208.3723265172076 210.8342881422269 625.6103212336888
210.9388999766467 212.63806436312873 210.27940715000508 628.2727623908117
208.0502740970938 209.9933132119349 212.4359064471171 630.1735055908009
210.62256516913675 213.89496296336804 209.14181473539824 627.3185979284027
211.69107332975858 210.71274736453276 212.79336348745088 629.119971579152
210.7628831880298 210.7396554477919 213.54126802787496 631.4147707230694
213.72611029673695 213.0455290970108 212.70578135977655 632.6911307551534
215.29460900468146 214.3699314073948 212.32441512301565 631.1995343127667
214.794611117643 213.11963944230547 210.47082661753518 633.5733342145846
215.0787554711118 213.85598208726904 213.755515165213 635.2141229913146
210.8693438245038 213.16832806302207 212.1843049355409 637.6879784552494
212.16205763536328 214.1829631827783 213.74470611125466 633.7378272911724
211.6794106161039 215.65199769592888 214.2187996057118 638.6559023623662
217.01551697887464 211.89544345108646 214.0498845165977 640.819109592382
213.1359554815271 213.23181947878533 218.20439617291967 637.1597291100918
217.47422917673188 214.7692107997596 216.4461752898452 642.5848524687818
215.37517651706946 216.3002382251992 214.36265754057217 638.3409352575169
215.53131988381074 218.15153261389545 214.41759542395627 641.3754594784868
215.5561573074937 215.22165324155378 216.21814248684686 643.466552275652
214.2244390880358 216.66159409665102 218.90113903594005 645.5141500078024
219.91915353744218 217.40968474733916 215.12988101916716 647.7035326597104
215.5238913110669 217.79846067772937 215.67413805915714 645.2244193530354
219.30310038022134 214.7055602201654 217.6283482221125 644.8669353387792
215.88710111136152 218.31453774481372 215.47137577277434 650.1102540686736
221.1192283044852 218.74528143990472 217.7116031080054 648.1012121079756
219.7747416096774 221.31812513058827 220.65905766361286 647.1293250674368
220.88079955729003 221.95135583122325 219.8473829597425 653.0520004986058
222.15947447408288 219.87928813558403 221.55836655923414 654.0999992150485
222.59710625789322 219.35800379472022 218.44606683206538 651.8889553516861
222.13887951713858 222.41889284569413 222.79195629029533 652.6586373487767
219.57299145978794 222.83687470483667 221.41255335918186 654.388273889653
221.92977470506588 222.3512791200836 223.2923618268661 657.5442757461309
223.17328253234072 218.8334338994862 219.53321340399498 659.7366950498273
218.42175005708884 223.2766656715386 224.01192875200846 656.5334060564745
220.9946490125077 224.5323042581709 219.147212852066 660.7368805236816
222.57336965355756 225.17001444429977 222.58949151683345 662.8881984434261
220.97552667866648 221.18297115326013 223.20961912639058 660.4772074565834
225.82511577435506 221.308696522314 220.7696525195998 661.8971372504045
220.06786614831142 221.33538868696326 222.87683105110156 662.8771288431028
224.06877603807155 225.5119363509662 226.386139932274 665.6376607880011
225.07259945971433 224.93814470042966 225.2130014243058 665.4323830730501
221.80360052268895 225.42062778957563 226.30135037591364 666.0360264633463
225.62383493420904 226.59996918338322 225.36923925275684 664.9224581296646
225.3251783225188 222.67674856733257 227.4898006041302 665.1902415178603
224.99491953365643 222.16849900601645 224.1655097849817 668.7858418470807
222.34361186147106 226.28721649248936 227.35384443489068 667.797531046273
224.872632872372 223.29832992523103 229.1282727749284 672.956714171152
227.32318638415248 224.43766266919448 226.88563327745626 673.2684340902232
226.90390008859447 223.56351883487488 224.10502342629826 674.8898621914451
227.1463642856972 229.42721817079686 230.25992002808036 674.1552480585176
229.66253827950794 227.99781992267697 228.31002846510506 672.8787242321939
229.5605522369472 225.14603622176827 228.59794017519144 676.0931648880442
227.8116735479318 226.4190641948471 226.49367244309104 677.4145935184418
225.16671894379007 228.86289766105733 228.03321804949354 675.4980663762032
228.8505938235904 226.3122186570176 228.35095418211594 681.5231383573305
229.67456362592162 232.26087249363724 229.62577992916218 680.3755727293369
230.31292354634232 228.20878326537246 228.2128016084733 679.8275188014463
232.53956121594942 230.88463415747745 231.12187586025374 680.0015637135184
229.82613633475512 229.4083126960985 226.69699182530465 680.3255065855685
229.78283469805905 230.97364935757227 228.5919385661545 686.6150145062575
227.93054197485768 229.70097119566094 229.2135967401409 687.3311389527636
231.03543246159487 230.99109084574215 231.31013345853128 683.1996152734046
232.1890114857969 234.3481552894919 231.66299103429333 689.9595619000318
232.69420912512027 231.61894595792245 229.9144764575279 685.9712690438682
231.8768306882899 230.6013459893346 233.072590632039 686.2068451259391
233.05713704143807 234.79541701526483 229.94712520784756 690.2741838199694
230.5041921355905 232.16747402761075 235.0116122441412 692.5346742755034
231.0114994154302 234.5013377704997 232.97006953198164 692.0489057814559
233.9919672002839 234.66220746272882 236.7012680387716 696.3129493454915
233.11904088935873 231.43795175034788 232.9820757403068 693.0612592645721
236.9745195436069 234.55069879613447 236.68093891259505 696.0614493793148
233.8877763710437 236.91902612216848 236.81836354595032 694.6717879779688
231.62145030485559 233.4184493728913 233.0589891324841 695.004840739874
232.24078338484154 232.2258976960568 235.74511729784138 700.6809172764101
237.83328575174446 232.8430765100405 236.81001619339543 699.9734362697324
238.8779310406698 238.83467340790526 236.7365609355186 703.2156784228031
236.71424912889012 233.99089404360956 237.8784492187826 703.8652379126556
236.9071180636911 233.87043390348484 235.51294966346038 703.6594655267735
238.25837645131878 237.14034098610253 239.21153680693538 701.1329153215258
234.26722510721063 236.6139108682618 236.76345698916447 704.4069178954595
236.88336888118857 237.97741675190022 239.5728934990146 704.412505141383
235.05560310656105 240.33173656149543 241.3585591278113 705.9216456451987
241.0096913713896 240.3164099676734 235.08088981224986 710.308734578097
236.65855108546026 236.07198864343937 240.12214703021024 710.8851434300861
237.1105572495705 236.5123295931044 242.19430703624866 711.1950006747335
236.55385959217062 236.07237558160534 242.27421714847566 710.7508598829254
237.511563998934 242.00957323675644 240.4907944901589 712.274162703325
241.14011843899053 239.5190373372347 241.44062093999884 709.2180158978248
239.79686527011748 239.91449353005183 238.35179623212966 713.9794267524862
242.10811694957835 240.29955729774736 242.10697542163854 712.1753918088177
243.94189611017072 238.867645393593 243.86073650841143 713.232729120272
240.95528680967757 237.84440811442576 238.67946400313372 713.6659256056819
242.78078626720614 239.764627116582 241.35938279747106 715.8211506941901
241.40476273092574 241.64668009586381 238.85587889378027 717.038590069513
244.4897285235986 240.55254782349184 242.39042314569113 717.9600165660287
244.1862633917247 240.1205618022508 240.45588552539218 718.4046454629871
245.28568737654953 240.73228101573287 246.14242777128564 723.664463432898
245.26661707347375 242.2146738785025 243.1701119390405 723.470981578992
243.30296445706367 244.12479211684595 245.00648112958385 723.8493789642945
240.44338398185735 244.86697496681475 243.33328938333602 728.0238980791482
244.05825560898114 245.79294605097354 242.4319051322603 722.0607470347879
241.08565035442712 245.41359005792197 247.22730030964087 729.952286105458
244.8079668344488 248.42833186591704 244.09161018001228 728.9295504773764
242.47169608476082 248.54453165572937 246.775609423994 728.0298092070259
244.7196744999334 247.43576507993626 242.39574231061357 727.3725180036404
246.63386155513743 247.1649122531673 247.46118351594043 728.9212991689338
243.28274536342084 248.17625043788613 245.78541594258087 728.9221152649806
248.8765635224365 245.37086993042593 245.28562586905485 735.1492119635501
248.77125292445095 243.3623164385606 246.59644843358916 732.1513162355018
250.45403806426543 248.88505553454647 246.4978806054603 731.8416117134549
247.68545507374853 247.19775685481258 247.68613760095903 735.846807294779
245.8300099518617 251.09715178214182 244.4764835671069 736.2937750225738
248.33622176834166 251.9369376426346 244.9642470745925 737.2574073514432
251.24211401389636 245.32052442792317 251.84996450334575 735.0611368677131
251.09992298222272 251.10695581001295 246.54249111510396 741.722608479234
252.97952160091683 252.16672490860836 246.72562786883117 744.0219191674795
247.39942049843347 249.8690585811859 250.47493370681894 738.6092686203467
248.5728460407257 249.07519555083223 252.76756575333158 746.1134110938025
249.95992210367677 249.69386015468638 251.20484471913272 747.3526132814377
248.5110273933319 251.52614536863354 253.40038105648557 746.9964952313431
247.48658918634322 248.04801257310015 251.76167558356377 744.7108249887585
253.6605267001736 252.93019771186218 252.43572415551662 750.1986385093578
251.73391204905914 251.89811849564535 252.66494865203686 750.8206299020595
255.5677741631236 254.62903003268116 250.77437267339917 748.8261886478264
252.3649870687929 253.45079475328262 249.40997350070714 747.8044075287191
249.95645293155448 250.83685380125223 249.31720533827982 752.7524490630682
251.9119652500493 251.9459210172075 250.5334335443119 750.2474858784273
255.38681706910913 256.993207196652 250.17404936344764 752.6186209266543
251.2470549184741 251.50323493873887 255.38500425730976 755.6373978287552
255.64486780808596 255.99315700061197 252.06000482314664 754.5503358435072
258.09659584460593 255.6305569280664 251.62430043565013 757.5950065585758
255.65484403321727 252.21163415820624 252.6244748685224 753.1731173146183
258.85884135631045 258.71505598822677 257.94056105967115 754.1905328621954
254.0590962591469 251.69424759146477 257.5187528556078 758.7057445262885
253.3592120141226 259.3970903774482 258.4756184853008 759.665636253008
258.7950517878827 257.40755123416056 252.47364706339414 763.611108232474
259.114910584756 254.92928424885065 253.0588134549129 761.7358352905937
256.489591577147 258.39736049352285 255.01924480123725 761.4397795525456
259.98390925361457 260.25162330014626 258.8356498305907 764.925669873735
259.5767929955046 254.03433968732838 254.8445444027302 767.382133615608
258.34145078367857 261.18648188284465 257.2901024837577 768.0921380832199
254.3756130761906 258.1117109945037 261.67531011457254 767.980498502071
259.04032370919896 255.63561443502044 258.18362062471357 767.4600639680823
261.6897133639754 258.90055314221735 257.69412414029347 772.643419873004
256.8093024318348 258.4042709130909 259.1419918616193 773.1061748518733
260.0022524815631 258.4237898500966 255.66724395754738 769.3297632696787
256.10726439049586 259.7657240118857 260.8743570679359 774.7267974351857
263.9940971164882 257.26059095886257 262.52848944959516 769.0309957818711
262.5786235436246 260.51261451113857 256.90679321685894 770.2072011016926
257.80452772787794 258.4785319121527 262.00101531596124 774.8256149228868
263.1088429529249 263.69965144700785 263.61600409837905 774.0987467557073
257.8391393875157 259.55148374994326 264.5934453857827 780.320319868012
260.2169143883145 265.24532783569094 258.4167843067503 777.4831185991965
260.61026422714656 264.4068336829707 259.2374741473133 782.4281427358252
259.10482020502184 265.10843483104793 265.6300478322331 779.5010499983275
263.0608654990814 264.88625595996103 264.5196611314072 779.5143832980872
261.11211444859333 260.90828543097103 260.7563379795359 781.8660687120924
260.4434809369501 266.4398816589736 262.8607743329877 781.8168158787411
265.79688653669143 265.0156830878051 261.0028572457798 785.571923172305
267.38141386293177 264.5543394593855 267.0616584741958 785.4572617714341
262.4024967099074 263.8247937518479 267.86018368887613 784.8554653479292
261.87000059945456 266.3607651728987 266.7952321579065 787.597246230557
263.592596904697 265.5642072141423 263.53796688108895 786.6949011571455
265.8814031478847 267.37950214688686 262.5298439415914 790.4010820257665
264.4650738613387 265.71859796106645 264.84701494336406 792.3464352692729
263.1670036655115 266.61384014563197 270.06983726677083 789.5753506527401
269.46867944646556 264.91051937957275 266.77831755192386 788.4104698322162
266.1071019613395 264.86576405507634 265.25480525395204 792.4843718494872
266.14423634754894 265.5349920428971 269.9776675062492 797.8716351706219
266.47824203090096 271.09231277203247 269.1196378046909 795.0868819889996
269.63543243857436 268.9476710267121 267.5476740767904 799.0350604255838
269.44411797264536 264.8117664020141 264.4230887011605 798.1497641548247
264.7023415514831 265.68050081617713 272.487082289222 794.7644141002958
266.32663512002 270.204513243193 266.1532162407139 795.7702978398574
268.44393506419374 268.71689599257235 271.72043978966815 796.7953715008993
271.74932879518036 272.31406554552626 271.44367728452596 797.3890230083849
272.6339725766093 267.3016023036554 271.659275723479 798.3312889710006
267.645963982735 269.5893252571885 274.18547466097755 803.8909358158767
269.69778389966416 274.2885290885662 269.5690848776749 803.6259912562329
271.92277016664406 268.3398178412329 271.0443893917973 802.9733597186603
267.72558389047776 268.58295854410864 272.3945308757067 802.181704088943
274.1533834906935 271.6812447264319 274.4449496368226 804.10446205645
272.37107849235866 274.452667770908 272.0784088803272 808.0982856603753
268.5712013942072 270.3293260913066 269.9074142150126 807.0070070538133
271.4822559560104 270.20562603015685 271.97803532605315 807.4430409154406
274.2544712109482 277.0455305756452 273.7848747837429 807.3175656147337
277.2143726070544 277.16004689582263 277.0558547393976 810.9085222758416
272.65506723737093 271.40891509479457 272.3532048404004 809.6420244588419
272.88327375017315 276.06571198308393 274.19917787588315 818.0888488797387
277.1225311650472 277.8039221315672 275.0272083757353 811.5438637299909
276.2103116227338 275.2135941840934 272.1870948794647 814.5532001471074
275.70057444891023 277.52460606205705 273.99194687795983 820.8722965237106
272.8682508285479 276.87394609101744 278.8707265577012 821.5282648702076
274.3738730891759 279.5513876354462 275.34884769677603 817.2629882019571
277.3206722535152 277.3911351901169 272.2661062205903 816.4195514548294
274.15860129455956 278.4470572615527 278.07182204523434 822.1946995988545
277.9155160792703 277.3966367631259 274.51710642551353 823.4845903266053
276.26078312526704 274.9443751964017 273.2292461920709 821.3908228973651
279.6465255524723 280.17971852804794 281.0689537610073 825.9191856471721
273.87216031282486 277.59824163784464 273.7332836992482 822.2254020352966
277.9144819602521 274.31847998451303 279.5609937546737 828.0709948632409
280.94390617585304 278.39103294606815 280.1386528082635 826.1488587897403
275.563241544034 281.0620261698019 278.2605014211802 828.2128453646134
278.0741308249411 279.6103279156701 277.9785656670812 832.1392661000424
278.0137151084134 278.00769116885095 280.85744824323103 831.3713154831128
277.90575984534286 279.22386938939565 283.36619417033455 834.4006369072665
276.63205332044026 280.97534223480756 277.76326982526695 829.3142402881358
279.07698231094116 279.7472360638034 281.88564063978794 836.9103240382994
282.5464243564708 284.24392638873894 277.7047994769576 833.1539187234963
282.5370967161593 280.91532020538335 278.81701499220713 835.1432471513242
285.04990013765723 279.7235444526805 281.1376568884706 839.7609312610524
282.9462056404796 284.41933397970803 285.2158490134314 833.041292334758
283.59508775828203 281.76946212913094 280.66150904205386 838.1465973682751
281.86783374471617 283.15669263075415 280.1476988302979 841.4518517882819
279.8392685788479 285.00259139505573 285.40274394283426 840.7202297009613
280.3891716970904 284.33174542485443 284.33441515332015 838.7900970226267
283.6969372140111 284.3241058476605 284.558223278726 842.3204659820587
285.5942700650111 284.5509539017761 282.4391850443272 844.215204044774
281.2997487375367 280.8999706060593 284.16690265365514 845.3580836817122
283.98113621363876 283.7867375361873 283.3330708707278 846.501375780367
282.2720176481415 282.7243003515026 286.4142394278596 849.9908295099738
287.86430843014034 285.54983529150917 284.25640349601764 843.2001270251671
289.5630272083269 285.328578153931 282.93742387954995 851.8989192751776
286.09010888362405 282.4106566002779 282.66400443092766 846.080928105413
287.9955416582688 287.7268956201757 286.32760253118005 850.8629889359134
285.032401822999 287.4057168239768 289.60384307023395 852.1829249757249
283.81303221904074 283.13549931091285 290.9183852995242 850.0844038400406
283.41230655791406 288.3558812803589 291.22435440677225 849.8510788793924
285.7362563296141 283.9780536591443 283.5080486172154 853.4309550280583
287.4459428168314 291.25876521462703 284.83627431209663 855.9856943544123
288.4929527088301 290.5861551529287 284.2459790000135 853.0191019287826
289.319908089102 291.52826097784526 290.17046618822343 854.8349290243976
288.92254252194266 292.7677574467489 288.64201950974484 861.3170387435778
286.5748138580234 293.0897909794239 288.0238456413767 858.9055040262892
290.42084740615365 285.96429069001164 289.5305143128144 856.790993154876
286.46283076672916 294.0705090126588 288.2711305826131 864.6574571773759
287.1179652052496 294.0903906503876 288.77896129344725 863.580287496532
291.97581892608923 287.28929515565403 288.4807691756735 860.0644108538752
289.9755653684406 289.94826412326546 294.9743188808391 867.3748177954404
294.16624563764043 292.3720199575428 295.3190239666406 865.4214430542725
287.90799277118225 292.13185894797925 288.1681299051269 869.641733555374
289.37371361805555 292.0731727983859 292.89681762103373 869.7582844461095
296.3946938829602 293.984116047836 290.09475271987867 871.7662217148836
290.5755529466492 291.1755777762126 293.0595656104895 870.8161829916768
295.9996037323499 290.76371986904996 293.3151196260172 873.3744275828074
295.0005528363577 289.0755443618987 295.180850432166 868.4524044240494
295.70625521217653 296.3958780111164 295.0815562321168 868.6946685514163
293.2805322921331 294.3514258686992 294.82641609453964 869.2669631679478
292.7155025803941 293.524790463806 296.9673355834932 870.1862212860478
295.94507670373235 296.42918110183774 293.8055861250612 876.401801924875
290.69586883174054 297.17359637688975 296.5777510016345 878.0230877270269
293.6803916927468 293.3991656624066 291.61283078547365 875.0832617381159
298.944659001816 298.3107029114306 291.5976274214178 880.7632724739597
295.9238495303971 295.30399483881064 292.5828422495488 879.3643144397378
296.99109899394637 298.25953635905387 292.7133112907905 879.9422260511427
299.04142885602374 293.0779551440063 295.7480890859742 880.893647289353
300.3508927237088 299.77187364978306 300.1753028087257 880.7022365668992
298.4958747651918 299.6140602570649 297.50845965455517 882.6243206042673
298.2247061787106 296.3130357949566 296.9408247810207 888.5076740618284
296.3290277142023 300.47547239235763 295.92821867076236 888.7753425490789
299.4012213984003 295.26035950897574 296.8737405048941 884.3791190767383
300.7424016490009 295.37363946935506 296.30613088958535 889.9751255607697
295.99852046007123 298.654476810372 294.9023629386128 885.3875334627168
299.01570633108895 298.45611694926373 302.17023275154423 885.4464237355578
298.9556899421366 298.866064207457 302.14382168051685 891.2027507163306
302.19364486017014 298.3026755748848 304.3893507760504 889.4979646724754
302.2896577010718 296.5288473440415 299.3567769466595 889.0486957629953
297.27693563027407 296.34891393432525 301.3290994469747 897.5186216288876
299.76040185294295 297.0427685831051 297.2823972604696 890.0808613912806
298.30413269276426 297.35222584638086 305.6107088818404 895.3755947948987
303.6607942518386 305.82935610975176 305.5966414219558 900.5697009486606
300.4864489535101 304.055593387393 303.3866614141973 901.6386940684187
298.885467768515 300.4244499749158 305.8650110196404 901.6267153469107
307.2084053264962 299.79030338438037 303.7277415344619 899.8384419259629
299.4362206536339 302.70157413212166 300.984062253817 896.8681430129186
300.03275876078635 303.37931024019673 306.4817249463685 903.3563409550372
302.60959469500335 301.81236166939743 301.6120964573988 902.1342808813358
300.4487821704462 305.7685929980854 303.804562842981 907.7012732551588
303.6853941113802 307.20856917826904 307.8345664229073 904.3705950053259
307.6086015287621 302.10447597028957 308.7505376230053 906.2466263414802
304.59303009823645 304.2333403130668 302.5178666604273 909.7299005435552
301.0469125603334 304.9505150382979 307.10849355245955 907.108363085913
305.3357061652507 307.83750295638833 302.47829701543253 907.0330172398957
303.92502848141925 305.9981684888071 309.63687280278236 908.0848798652659
305.26058311969587 308.0298099714744 308.2911163802283 907.1084315480789
304.9708362283322 309.51110108540314 306.33090561087636 915.0651211854934
307.6961852910362 307.86815923386666 310.8077266601011 914.9396218605912
308.66186042352615 310.6835932365363 304.88093923171505 911.3020443516695
305.4364390682926 305.7419515128034 308.23715312749994 918.7818260377709
307.4292632699079 310.75915377354414 303.9215021980261 913.3341523811229
308.5138540588662 310.46387222919776 307.3411117943716 920.3481604633363
306.09622737967015 309.456057729186 306.9463368799767 916.2084396101782
305.41248828528484 307.8825064002906 311.5300790557054 914.0481178612567
313.75480128059763 307.98215675025034 313.07525163819605 922.9137163597081
305.72445859992814 309.2653227424848 310.1509056568205 916.289603310694
310.7809083450108 312.95193454263 313.72427227871174 919.373909486996
314.2118861857583 313.34468412643247 313.34463922098746 920.4287868347026
311.40784067199104 315.26440601375623 308.6611933326168 922.7165545816101
306.69928919179455 307.66767328256185 314.3263477343739 929.0701799020217
315.12419497841506 311.9510786183243 311.4142605707759 921.9323232937558
309.4295635465585 310.32364006563307 310.1168577386273 925.3424672773972
308.05282210560324 313.27882996986534 315.78233602682593 926.0770570686395
308.74981105072146 316.8415077541386 313.07945011112395 931.1037483570025
314.10299222058967 315.69316604493866 317.2705242822212 934.2383971647785
317.4514076403158 313.33199555824194 314.5226779346062 934.5229715429883
312.58860312209475 315.8729660526841 311.09586463891134 927.9347329884262
310.33182332494573 317.9180464110585 311.7635974914175 932.0224644822237
311.9408791379845 314.7384275084026 310.13331374127574 934.9548083969091
315.47383030641146 311.84986521718145 319.00382804107835 936.2495953185199
317.89464167733786 317.54956643936845 317.5328776130346 937.5119580829358
311.95086745099 313.0791057398739 311.2739819060061 941.2937164647411
314.8528462235363 320.0132405817025 311.23436483464087 937.1375662442156
318.8254434104093 319.3898648070196 313.6901289327725 941.2976752912292
318.0847173262323 319.23229521004293 319.63687032637796 935.4739640582106
320.49059928416557 313.81226906363804 320.7390885860562 943.4912963388668
314.11842892732636 316.38105268496486 315.31571345348226 944.3676133469166
316.85255996671475 314.9775635607542 318.16746311811727 946.1373660735666
319.05990722634726 317.32699349427776 318.0301859822428 945.7790413624531
314.76584836886906 316.1117387359195 320.49245389340837 947.7287760941567
320.36495666510956 321.05910188616735 316.8910869844889 948.8566223468608
321.25023974400966 314.00785319280305 319.16062561926583 944.2286068621204
318.57253576484663 316.2589735363964 315.0476503158475 947.4869232190939
317.46207999665717 323.6053391809484 320.1539117680402 948.2830559802522
323.0226333305932 318.51140519267483 316.40908846846753 949.1849582923451
317.38059761153795 321.6777009135499 324.1602722238641 953.7602449825754
316.4428188723593 322.5768178650104 319.4166115771427 948.4333188915998
325.42297983068784 320.5081377922873 320.3295498779537 950.1560566203194
319.80317273920025 319.59848217643366 319.93739502236923 955.0397756610805
319.92009499103904 322.21575596570256 320.7231865664727 953.0612876648254
322.54991722234473 324.8231458362829 318.25260196296483 954.5885661144949
317.7678806271606 321.4231522032634 322.5995923425237 952.0425205426486
318.2337023662077 324.7442838747841 317.8771878161445 954.7312182644627
321.2975304270962 319.3092769544331 324.6550834679818 954.6722462305677
319.54912203634717 320.8328204139558 325.22984042489736 960.8983709579254
320.2807477615107 323.40961656644396 327.10342840015954 957.1318936186109
322.7576592538796 327.0207939546959 323.43703327002675 964.014691277844
326.1244507630551 328.6488504765253 323.3251686283693 958.7445468562036
327.6268899538939 321.93906247375736 320.1757965339369 959.4646030906041
321.31244491866204 325.41926988308956 322.1510059834408 969.3722559534195
321.3943925418493 322.71077307823197 323.67543259123636 961.6171723669927
325.059699915476 325.9713687463738 327.46167008292633 969.7759727964101
328.73544349061694 328.57794144821713 322.44903152659975 970.3941169627141
328.837995936261 325.5211394293518 328.28980902839135 969.9442679238937
325.0291941193781 324.7391141736424 328.71126102814407 973.50553442937
327.06982505938413 328.0217356082598 326.9375660764595 967.4701082925312
331.4386613153551 329.64171185077436 326.43953876494464 975.0935666080686
325.9905646108066 329.1352861247132 329.0166369142081 975.0131038785778
330.0554758144729 325.7532754143729 323.34131209928506 975.9548442204688
330.54705790422685 324.1737689003749 327.17572033190436 971.0277522718907
332.8909713300416 331.14146235048185 333.04079901467395 977.3481810056114
331.07386771650283 324.8559813757425 332.6834042730055 977.8663390448062
333.4808094930894 331.0132644583521 327.4041699121423 976.994608959609
333.76659059146726 331.93076783552203 327.3026521206984 980.4382723900011
326.06096907725123 332.1495486486319 328.7827713543052 976.5424739997674
325.97474349616635 329.404783790981 330.3061818648441 981.9057610428654
328.7585524775086 331.23163688641773 328.68962322348915 983.4509378806058
332.04486518803697 330.52621610130774 331.2601514884792 981.8988644893848
329.0514791666379 329.7022784285459 333.47503782577667 982.620850407313
328.45759142893564 332.21398371276075 327.546693874525 985.0410719464252
335.736775113535 336.24398284151454 334.85284510260976 982.6825889952718
335.580595171707 329.3250872034602 329.0039647826537 984.8696910605594
333.9277770827772 328.93331443590455 336.4793209407439 990.4460831784191
332.0624044069897 328.6208865647033 330.0154955255933 987.8734528937812
332.72620769212176 328.44036679742726 336.0025531278556 993.6288671312623
334.6202361171084 333.34622070587784 330.7387667311966 988.132863194181
335.5956932509353 333.9082685712782 330.61059228629773 996.283627857704
332.0881098210138 330.61340122918836 334.8860432983942 991.776957031129
330.18892889162146 336.3981905648577 338.5723708155332 996.2973457019532
334.1896280518435 336.5862411165813 331.95863612371926 996.5632368636166
338.9813143992932 333.4709524812241 332.5159906048169 993.2097415413826
335.98294026700404 339.58740402021317 333.9688822436695 1001.4657012015642
336.8895119522114 339.2169504277984 338.46460793715056 999.3593778331071
336.13352437160745 338.98548326814785 331.56225771948357 995.6389926689453
338.90400365828816 336.69175551288635 334.40076978647585 999.5613786658593
332.78355227672586 334.8163456115319 333.55516586977063 997.3148249189359
340.0503475333213 340.69535209263313 336.4156794251949 1005.5313665283757
341.8047280254225 332.8163988862687 339.69206525157193 1007.239965657183
336.8044582464246 334.44861664916306 340.000493695066 1006.4758292322582